17 Events Counted per Perf Invocation: 


Interval Timestamp,Count,Unit,Event


"branch-misses,branch-instructions,bus-cycles,cache-misses,cache-references,cpu-cycles,instructions,L1-dcache-load-misses,L1-dcache-loads,L1-icache-load-misses,L1-icache-loads,branch-load-misses,branch-loads,dTLB-load-misses,iTLB-load-misses,br_immed_retired,br_mis_pred"

--cache-ops 100
0.203051944,48769194,cache-references,(11.86%)
0.050164069,30965003,cache-references,(12.19%)
0.101208395,65869404,branch-loads,(13.71%)
2.265481420,206490,br_mis_pred,(13.76%)
0.101208395,871,dTLB-load-misses,(13.88%)
2.265481420,1160,dTLB-load-misses,(14.13%)
0.305542314,24052549,branch-loads,(14.43%)
0.254263093,659435,br_mis_pred,(15.13%)
0.305542314,819,dTLB-load-misses,(16.10%)
2.012421187,26612815,branch-instructions,(16.23%)
0.050164069,143017277,cpu-cycles,(16.71%)
0.101208395,118,iTLB-load-misses,(16.93%)
2.012421187,106472104,bus-cycles,(17.34%)
0.254263093,34059676,branch-instructions,(17.93%)
2.164509691,30619755,cache-references,(19.17%)
0.409239033,15139349,cache-references,(19.36%)
2.063180618,260,dTLB-load-misses,(19.60%)
0.203051944,227566876,cpu-cycles,(20.14%)
0.254263093,27362907,br_immed_retired,(20.20%)
0.305542314,103,iTLB-load-misses,(20.23%)
0.879094489,6522763,branch-instructions,(20.52%)
0.461194553,558469,br_mis_pred,(20.93%)
2.063180618,52,iTLB-load-misses,(20.97%)
2.063180618,48808824,branch-loads,(21.04%)
0.152078764,57884774,L1-dcache-loads,(21.16%)
2.164509691,115587450,bus-cycles,(21.37%)
0.879094489,118228150,bus-cycles,(21.73%)
2.012421187,780181,br_mis_pred,(21.90%)
0.152078764,122680508,L1-icache-loads,(22.10%)
0.670441056,7516809,branch-instructions,(22.11%)
0.461194553,10210644,branch-instructions,(22.19%)
0.203051944,113195027,bus-cycles,(22.39%)
0.357161950,15229201,L1-dcache-loads,(22.49%)
1.910885970,44337940,branch-loads,(22.88%)
0.513409968,12637749,branch-loads,(23.01%)
0.513409968,871,dTLB-load-misses,(23.17%)
1.504119895,34116952,cache-references,(23.64%)
0.513409968,67,iTLB-load-misses,(23.68%)
0.409239033,120785574,bus-cycles,(23.81%)
0.670441056,119877114,bus-cycles,(23.89%)
0.931374539,45,iTLB-load-misses,(23.99%)
0.722639649,49,iTLB-load-misses,(24.07%)
0.050164069,192182,br_mis_pred,(24.44%)
0.461194553,10866300,br_immed_retired,(24.61%)
0.931374539,655,dTLB-load-misses,(24.71%)
0.101208395,62784119,br_immed_retired,(24.79%)
0.722639649,9095828,br_immed_retired,(25.00%)
2.063180618,45498221,br_immed_retired,(25.23%)
2.164509691,231201933,cpu-cycles,(25.36%)
1.758572050,27270211,branch-loads,(25.46%)
1.910885970,516,dTLB-load-misses,(25.54%)
2.113858852,179840222,L1-icache-loads,(25.54%)
1.961652589,29321518,L1-dcache-loads,(25.65%)
0.618044913,9430883,cache-references,(25.66%)
0.254263093,117809636,bus-cycles,(25.72%)
0.305542314,570577,branch-load-misses,(25.94%)
1.554914170,191,iTLB-load-misses,(26.16%)
2.215187560,0,dTLB-load-misses,(26.16%)
2.215187560,22156816,branch-loads,(26.18%)
2.113858852,31983843,L1-dcache-loads,(26.23%)
2.164509691,28691024,branch-instructions,(26.33%)
0.722639649,480,dTLB-load-misses,(26.43%)
1.860159194,708625,br_mis_pred,(26.54%)
1.809383721,30503230,cache-references,(26.58%)
0.983815006,7938283,cache-references,(26.64%)
0.461194553,119271631,bus-cycles,(26.77%)
0.152078764,534123,branch-load-misses,(26.87%)
0.409239033,241239892,cpu-cycles,(26.88%)
0.357161950,40347277,L1-icache-loads,(26.90%)
1.758572050,1812,dTLB-load-misses,(26.98%)
1.504119895,104951809,bus-cycles,(27.13%)
0.931374539,8769986,br_immed_retired,(27.30%)
0.513409968,10804644,br_immed_retired,(27.51%)
1.860159194,43362019,br_immed_retired,(27.58%)
1.554914170,1351,dTLB-load-misses,(27.60%)
2.012421187,40476838,br_immed_retired,(27.74%)
2.215187560,3,iTLB-load-misses,(27.78%)
2.265481420,10634573,branch-loads,(27.82%)
0.101208395,396045,branch-load-misses,(27.88%)
0.931374539,8928054,branch-loads,(27.89%)
1.191610109,7792883,cache-references,(27.91%)
1.961652589,29103101,cache-references,(28.01%)
1.910885970,805100,branch-load-misses,(28.05%)
0.305542314,23533178,br_immed_retired,(28.07%)
1.910885970,273,iTLB-load-misses,(28.12%)
0.254263093,120,iTLB-load-misses,(28.13%)
0.774740585,10153206,branch-loads,(28.16%)
1.139139069,8674459,branch-loads,(28.23%)
0.722639649,642619,br_mis_pred,(28.25%)
1.296001721,5692842,branch-instructions,(28.27%)
1.296001721,98806417,bus-cycles,(28.40%)
0.826753970,8164863,cache-references,(28.43%)
0.461194553,66,iTLB-load-misses,(28.50%)
1.860159194,27229353,branch-instructions,(28.55%)
1.139139069,100,iTLB-load-misses,(28.78%)
1.139139069,778,dTLB-load-misses,(28.79%)
1.139139069,7342158,br_immed_retired,(28.89%)
0.409239033,9248464,branch-instructions,(28.95%)
1.554914170,12754029,br_immed_retired,(29.02%)
2.215187560,20582102,br_immed_retired,(29.06%)
2.113858852,863518,branch-load-misses,(29.09%)
2.012421187,27914841,cache-references,(29.14%)
1.707697098,7871244,branch-instructions,(29.16%)
1.860159194,71,iTLB-load-misses,(29.19%)
1.401120725,8543736,branch-loads,(29.43%)
1.348423125,687307,br_mis_pred,(29.73%)
1.656862667,30508774,cache-references,(29.76%)
1.961652589,220456697,cpu-cycles,(29.90%)
0.050164069,10032497,branch-instructions,(3.49%)
1.035305997,6812099,br_immed_retired,(30.08%)
1.035305997,650804,br_mis_pred,(30.08%)
1.860159194,114302422,bus-cycles,(30.08%)
1.707697098,887373,br_mis_pred,(30.16%)
1.910885970,162277515,L1-icache-loads,(30.19%)
2.265481420,7455120,branch-instructions,(30.22%)
1.504119895,210146411,cpu-cycles,(30.38%)
2.063180618,892814,br_mis_pred,(30.40%)
0.879094489,785332,br_mis_pred,(30.41%)
1.087727036,8522794,cache-references,(30.41%)
1.554914170,9815366,branch-loads,(30.48%)
1.910885970,41360200,br_immed_retired,(30.52%)
0.983815006,8814599,L1-dcache-loads,(30.58%)
1.758572050,457,iTLB-load-misses,(30.58%)
0.670441056,640854,br_mis_pred,(30.63%)
0.203051944,36043490,branch-instructions,(30.64%)
1.035305997,117,iTLB-load-misses,(30.65%)
2.215187560,425535,br_mis_pred,(30.67%)
0.722639649,10097655,branch-loads,(30.68%)
0.826753970,8796899,L1-dcache-loads,(30.68%)
1.809383721,111274223,bus-cycles,(30.73%)
1.809383721,222339304,cpu-cycles,(30.76%)
0.565692623,10036291,L1-dcache-loads,(30.79%)
1.401120725,751962,branch-load-misses,(30.86%)
0.879094489,8441088,cache-references,(30.99%)
0.774740585,732949,branch-load-misses,(31.18%)
1.554914170,89727,br_mis_pred,(31.21%)
0.983815006,205397569,cpu-cycles,(31.24%)
2.215187560,406963,branch-load-misses,(31.30%)
1.348423125,6936599,br_immed_retired,(31.32%)
0.357161950,535627,branch-load-misses,(31.38%)
0.931374539,748370,br_mis_pred,(31.38%)
1.860159194,477,dTLB-load-misses,(31.42%)
1.191610109,99394076,bus-cycles,(31.45%)
0.565692623,778214,branch-load-misses,(31.53%)
0.565692623,27309962,L1-icache-loads,(31.60%)
0.618044913,242816805,cpu-cycles,(31.62%)
0.774740585,22106020,L1-icache-loads,(31.64%)
2.113858852,49140948,branch-loads,(31.71%)
1.348423125,5702843,branch-instructions,(31.92%)
0.826753970,241299385,cpu-cycles,(31.96%)
1.961652589,163914818,L1-icache-loads,(31.99%)
1.139139069,767665,br_mis_pred,(32.06%)
1.707697098,10595365,br_immed_retired,(32.14%)
0.513409968,775506,branch-load-misses,(32.16%)
1.707697098,112812720,bus-cycles,(32.23%)
1.504119895,18985373,branch-instructions,(32.30%)
1.296001721,706241,br_mis_pred,(32.32%)
0.305542314,40420250,L1-icache-loads,(32.36%)
1.139139069,682403,branch-load-misses,(32.38%)
0.101208395,270305,br_mis_pred,(32.54%)
2.063180618,864012,branch-load-misses,(32.73%)
1.401120725,18830563,L1-icache-loads,(32.76%)
0.983815006,103198384,bus-cycles,(32.96%)
1.035305997,914,dTLB-load-misses,(33.01%)
1.348423125,104923171,bus-cycles,(33.04%)
1.348423125,7146784,cache-references,(33.05%)
0.565692623,12364775,branch-loads,(33.08%)
1.554914170,13508798,branch-instructions,(33.08%)
0.670441056,9569716,cache-references,(33.11%)
1.035305997,6510493,branch-instructions,(33.16%)
1.087727036,108735300,bus-cycles,(33.17%)
1.296001721,7338533,br_immed_retired,(33.18%)
1.809383721,22533467,branch-instructions,(33.19%)
0.513409968,671694,br_mis_pred,(33.20%)
1.296001721,1044,dTLB-load-misses,(33.33%)
1.296001721,68,iTLB-load-misses,(33.34%)
0.774740585,392,dTLB-load-misses,(33.37%)
1.656862667,110183398,bus-cycles,(33.37%)
1.296001721,8809417,branch-loads,(33.47%)
1.348423125,74,iTLB-load-misses,(33.55%)
1.139139069,18687730,L1-icache-loads,(33.64%)
1.453268693,410478,br_mis_pred,(33.71%)
0.461194553,749,dTLB-load-misses,(33.74%)
1.453268693,32652467,br_immed_retired,(33.76%)
1.191610109,5978398,branch-instructions,(33.80%)
1.401120725,416,dTLB-load-misses,(33.86%)
1.605803133,391,dTLB-load-misses,(33.96%)
0.983815006,21670072,L1-icache-loads,(33.97%)
0.618044913,121212720,bus-cycles,(34.13%)
1.191610109,199256192,cpu-cycles,(34.29%)
1.087727036,5837628,branch-instructions,(34.31%)
1.605803133,10153007,branch-loads,(34.33%)
1.758572050,465245,branch-load-misses,(34.43%)
1.860159194,47352456,branch-loads,(34.53%)
1.809383721,33520308,L1-dcache-loads,(34.55%)
0.152078764,57831968,branch-loads,(34.71%)
1.243343338,8211139,L1-dcache-loads,(34.78%)
0.618044913,10103065,L1-dcache-loads,(34.83%)
0.879094489,7650615,br_immed_retired,(34.85%)
1.191610109,7285012,br_immed_retired,(34.86%)
1.191610109,83,iTLB-load-misses,(34.92%)
1.758572050,23594349,br_immed_retired,(35.06%)
2.012421187,37,iTLB-load-misses,(35.08%)
0.254263093,1255,dTLB-load-misses,(35.20%)
1.243343338,8409925,branch-loads,(35.28%)
1.035305997,10679439,branch-loads,(35.29%)
1.910885970,843772,br_mis_pred,(35.34%)
1.191610109,621825,br_mis_pred,(35.42%)
1.453268693,37555944,branch-loads,(35.43%)
1.758572050,120412498,L1-icache-loads,(35.44%)
1.707697098,231,iTLB-load-misses,(35.45%)
1.453268693,798,dTLB-load-misses,(35.46%)
1.087727036,1322,dTLB-load-misses,(35.54%)
0.670441056,8594304,br_immed_retired,(35.61%)
1.401120725,7250386,L1-dcache-loads,(35.62%)
1.087727036,185,iTLB-load-misses,(35.63%)
2.215187560,79567292,L1-icache-loads,(35.65%)
1.087727036,8452784,branch-loads,(35.69%)
1.401120725,7221868,cache-references,(35.69%)
1.453268693,165,iTLB-load-misses,(35.72%)
1.656862667,220110939,cpu-cycles,(35.74%)
0.101208395,132753879,L1-icache-loads,(35.75%)
0.513409968,25324763,L1-icache-loads,(35.81%)
1.707697098,12142582,branch-loads,(35.81%)
1.860159194,31498256,cache-references,(35.83%)
1.707697098,1015,dTLB-load-misses,(35.85%)
0.305542314,580864,br_mis_pred,(35.88%)
1.554914170,106111972,bus-cycles,(35.96%)
1.605803133,55,iTLB-load-misses,(36.06%)
1.453268693,20552328,branch-instructions,(36.07%)
0.050164069,42667050,br_immed_retired,(36.33%)
1.035305997,102370101,bus-cycles,(36.52%)
1.243343338,7528473,cache-references,(36.54%)
1.605803133,10125185,br_immed_retired,(36.54%)
1.605803133,28047,br_mis_pred,(36.56%)
1.087727036,6742887,br_immed_retired,(36.75%)
1.243343338,18923084,L1-icache-loads,(36.75%)
1.243343338,1030,dTLB-load-misses,(36.77%)
1.656862667,9104281,branch-instructions,(36.85%)
1.087727036,217015638,cpu-cycles,(36.92%)
0.357161950,13309343,cache-references,(37.03%)
0.931374539,702043,branch-load-misses,(37.05%)
0.983815006,6047715,branch-instructions,(37.05%)
0.357161950,239973232,cpu-cycles,(37.08%)
1.296001721,7416968,cache-references,(37.08%)
0.774740585,37,iTLB-load-misses,(37.33%)
1.087727036,723201,br_mis_pred,(37.33%)
0.357161950,18286841,branch-loads,(37.48%)
1.348423125,591,dTLB-load-misses,(37.51%)
1.348423125,209797685,cpu-cycles,(37.52%)
1.243343338,666840,branch-load-misses,(37.54%)
2.113858852,74,dTLB-load-misses,(37.64%)
1.605803133,60425366,L1-icache-loads,(37.68%)
1.243343338,6770827,br_immed_retired,(37.69%)
1.656862667,29470495,L1-dcache-loads,(37.71%)
1.453268693,70955771,L1-icache-loads,(37.78%)
1.605803133,40103128,cache-references,(37.78%)
0.618044913,8732716,br_immed_retired,(37.79%)
1.243343338,158,iTLB-load-misses,(37.79%)
0.565692623,9565081,cache-references,(37.82%)
2.012421187,212463827,cpu-cycles,(37.82%)
0.618044913,7005217,branch-instructions,(37.89%)
0.879094489,92,iTLB-load-misses,(37.89%)
1.401120725,52,iTLB-load-misses,(37.89%)
0.774740585,6270407,branch-instructions,(37.94%)
1.758572050,25559936,L1-dcache-loads,(37.96%)
0.618044913,607359,br_mis_pred,(37.97%)
0.774740585,120345719,bus-cycles,(38.01%)
1.656862667,11250323,branch-loads,(38.01%)
0.774740585,8381855,L1-dcache-loads,(38.02%)
1.504119895,45283558,L1-dcache-loads,(38.06%)
1.605803133,10092566,branch-instructions,(38.10%)
1.191610109,532,dTLB-load-misses,(38.12%)
1.453268693,33486601,L1-dcache-loads,(38.12%)
2.063180618,179128884,L1-icache-loads,(38.13%)
1.605803133,40192363,L1-dcache-loads,(38.15%)
2.265481420,29553228,bus-cycles,(38.23%)
0.565692623,121195589,bus-cycles,(38.25%)
1.605803133,29207,branch-load-misses,(38.28%)
0.461194553,12321907,cache-references,(38.38%)
1.961652589,815722,branch-load-misses,(38.38%)
0.722639649,7042853,branch-instructions,(38.41%)
1.453268693,97398586,bus-cycles,(38.49%)
1.605803133,111731213,bus-cycles,(38.49%)
1.656862667,530691,br_mis_pred,(38.52%)
1.554914170,40348278,cache-references,(38.54%)
0.618044913,20,iTLB-load-misses,(38.56%)
1.656862667,10752648,br_immed_retired,(38.58%)
1.656862667,261,iTLB-load-misses,(38.59%)
1.243343338,678149,br_mis_pred,(38.61%)
1.035305997,9178483,cache-references,(38.63%)
2.164509691,869840,br_mis_pred,(38.77%)
0.203051944,54318906,L1-dcache-loads,(38.81%)
0.565692623,453,dTLB-load-misses,(38.83%)
0.879094489,235920769,cpu-cycles,(38.90%)
0.670441056,69,iTLB-load-misses,(38.99%)
0.461194553,12711094,branch-loads,(39.01%)
0.722639649,8634448,cache-references,(39.02%)
0.826753970,447,dTLB-load-misses,(39.07%)
1.707697098,38549109,cache-references,(39.07%)
2.113858852,31953506,cache-references,(39.13%)
1.910885970,29100729,L1-dcache-loads,(39.30%)
0.826753970,21317832,L1-icache-loads,(39.37%)
1.191610109,8570468,branch-loads,(39.46%)
1.758572050,27089763,cache-references,(39.48%)
2.215187560,13798487,branch-instructions,(39.49%)
0.931374539,20497733,L1-icache-loads,(39.65%)
1.809383721,633074,br_mis_pred,(39.67%)
0.826753970,65,iTLB-load-misses,(39.69%)
0.409239033,13516537,L1-dcache-loads,(39.74%)
0.826753970,7742704,br_immed_retired,(39.74%)
1.453268693,587013,branch-load-misses,(39.78%)
0.774740585,8041807,br_immed_retired,(39.82%)
1.139139069,6225390,branch-instructions,(39.84%)
0.409239033,628776,br_mis_pred,(39.86%)
1.243343338,5291029,branch-instructions,(40.01%)
0.670441056,9914363,branch-loads,(40.02%)
1.401120725,211725002,cpu-cycles,(40.05%)
1.656862667,2837,dTLB-load-misses,(40.07%)
1.504119895,236215,br_mis_pred,(40.14%)
0.565692623,7318916,branch-instructions,(40.18%)
1.401120725,105752744,bus-cycles,(40.25%)
0.879094489,745,dTLB-load-misses,(40.37%)
0.983815006,9487677,branch-loads,(40.38%)
0.774740585,688587,br_mis_pred,(40.40%)
1.453268693,30617032,cache-references,(40.40%)
0.618044913,418,dTLB-load-misses,(40.41%)
0.670441056,796,dTLB-load-misses,(40.41%)
0.826753970,9445170,branch-loads,(40.44%)
0.722639649,120927672,bus-cycles,(40.50%)
0.983815006,617043,branch-load-misses,(40.53%)
0.826753970,120440270,bus-cycles,(40.58%)
2.164509691,30659589,L1-dcache-loads,(40.62%)
1.961652589,110209048,bus-cycles,(40.75%)
2.063180618,30334379,branch-instructions,(40.75%)
1.139139069,7434210,L1-dcache-loads,(40.76%)
1.243343338,104469772,bus-cycles,(40.76%)
1.243343338,209148890,cpu-cycles,(41.04%)
2.113858852,241213375,cpu-cycles,(41.13%)
1.707697098,73980,branch-load-misses,(41.35%)
0.152078764,60755752,cache-references,(41.39%)
1.554914170,46878,branch-load-misses,(41.42%)
0.152078764,240659992,cpu-cycles,(41.43%)
1.961652589,44568185,branch-loads,(41.45%)
0.670441056,239619488,cpu-cycles,(41.50%)
0.826753970,826393,br_mis_pred,(41.50%)
0.774740585,8291184,cache-references,(41.51%)
0.254263093,39476680,cache-references,(41.53%)
2.012421187,144,dTLB-load-misses,(41.53%)
0.565692623,242367719,cpu-cycles,(41.61%)
1.707697098,77925628,L1-icache-loads,(41.74%)
1.758572050,230538,br_mis_pred,(41.74%)
0.879094489,8872162,branch-loads,(41.76%)
1.348423125,7879625,branch-loads,(41.86%)
1.087727036,7818551,L1-dcache-loads,(41.95%)
1.656862667,86278331,L1-icache-loads,(41.95%)
0.409239033,11286059,br_immed_retired,(41.97%)
1.605803133,223473931,cpu-cycles,(42.00%)
2.113858852,33,iTLB-load-misses,(42.17%)
0.931374539,6460787,branch-instructions,(42.18%)
0.618044913,10535799,branch-loads,(42.21%)
1.401120725,6756610,br_immed_retired,(42.24%)
0.254263093,33365682,branch-loads,(42.30%)
0.152078764,909,dTLB-load-misses,(42.45%)
1.504119895,23089022,br_immed_retired,(42.63%)
0.931374539,8269381,cache-references,(42.65%)
2.215187560,54858453,bus-cycles,(42.71%)
0.722639649,667045,branch-load-misses,(42.77%)
1.809383721,150112385,L1-icache-loads,(42.83%)
1.504119895,24574380,branch-loads,(43.00%)
1.504119895,39,iTLB-load-misses,(43.00%)
1.035305997,689137,branch-load-misses,(43.04%)
1.296001721,624531,branch-load-misses,(43.05%)
2.215187560,14933116,L1-dcache-loads,(43.12%)
0.357161950,534,dTLB-load-misses,(43.19%)
0.826753970,785836,branch-load-misses,(43.20%)
1.191610109,7448162,L1-dcache-loads,(43.21%)
1.087727036,727345,branch-load-misses,(43.26%)
1.809383721,34141561,br_immed_retired,(43.32%)
1.860159194,228435049,cpu-cycles,(43.39%)
1.348423125,7285701,L1-dcache-loads,(43.55%)
2.164509691,43353340,br_immed_retired,(43.63%)
0.931374539,8703085,L1-dcache-loads,(43.66%)
1.401120725,5145496,branch-instructions,(43.72%)
0.826753970,6141697,branch-instructions,(43.74%)
1.910885970,27825050,branch-instructions,(43.79%)
1.035305997,9292018,L1-dcache-loads,(43.87%)
0.409239033,43,iTLB-load-misses,(43.93%)
1.961652589,802,dTLB-load-misses,(43.96%)
0.513409968,10101914,cache-references,(43.97%)
1.035305997,22645663,L1-icache-loads,(43.98%)
1.656862667,420622,branch-load-misses,(43.99%)
0.565692623,674248,br_mis_pred,(44.03%)
1.758572050,18545599,branch-instructions,(44.09%)
1.504119895,689,dTLB-load-misses,(44.11%)
2.063180618,120154858,bus-cycles,(44.19%)
0.357161950,120113211,bus-cycles,(44.28%)
1.087727036,18938310,L1-icache-loads,(44.28%)
1.139139069,102812646,bus-cycles,(44.34%)
0.931374539,113730002,bus-cycles,(44.37%)
0.565692623,38,iTLB-load-misses,(44.40%)
1.504119895,95636569,L1-icache-loads,(44.41%)
0.203051944,491605,br_mis_pred,(44.43%)
1.401120725,775921,br_mis_pred,(44.48%)
1.707697098,225382654,cpu-cycles,(44.57%)
1.554914170,67372742,L1-icache-loads,(44.68%)
2.113858852,45735207,br_immed_retired,(44.92%)
0.513409968,8298207,branch-instructions,(44.94%)
1.809383721,317,iTLB-load-misses,(45.02%)
0.513409968,10047945,L1-dcache-loads,(45.10%)
1.961652589,27478568,branch-instructions,(45.21%)
1.453268693,194150442,cpu-cycles,(45.22%)
1.758572050,105036490,bus-cycles,(45.23%)
2.113858852,120596395,bus-cycles,(45.36%)
1.035305997,205146888,cpu-cycles,(45.38%)
0.722639649,240726128,cpu-cycles,(45.44%)
1.296001721,17937292,L1-icache-loads,(45.51%)
2.265481420,228060,branch-load-misses,(45.70%)
1.961652589,301,iTLB-load-misses,(45.84%)
0.409239033,564,dTLB-load-misses,(45.86%)
0.565692623,9508914,br_immed_retired,(45.86%)
0.983815006,822,dTLB-load-misses,(45.86%)
0.618044913,24406717,L1-icache-loads,(45.89%)
1.707697098,39950885,L1-dcache-loads,(45.90%)
1.860159194,687408,branch-load-misses,(45.93%)
0.722639649,21496893,L1-icache-loads,(46.11%)
0.461194553,238242724,cpu-cycles,(46.17%)
1.758572050,210363596,cpu-cycles,(46.23%)
0.357161950,10478458,branch-instructions,(46.24%)
0.513409968,120808401,bus-cycles,(46.43%)
1.191610109,687091,branch-load-misses,(46.47%)
0.983815006,616672,br_mis_pred,(46.49%)
1.296001721,198254341,cpu-cycles,(46.49%)
0.409239033,13737397,branch-loads,(46.50%)
1.191610109,18559565,L1-icache-loads,(46.50%)
1.809383721,37165491,branch-loads,(46.50%)
0.670441056,701979,branch-load-misses,(46.58%)
1.348423125,17731172,L1-icache-loads,(46.70%)
2.012421187,43135082,branch-loads,(46.70%)
1.809383721,1843,dTLB-load-misses,(46.75%)
0.203051944,61149665,branch-loads,(46.76%)
0.203051944,341,iTLB-load-misses,(46.82%)
0.203051944,1867,dTLB-load-misses,(46.86%)
0.670441056,22256151,L1-icache-loads,(46.87%)
0.357161950,13617001,br_immed_retired,(46.89%)
0.357161950,552626,br_mis_pred,(46.89%)
0.357161950,40,iTLB-load-misses,(46.90%)
2.113858852,877548,br_mis_pred,(46.90%)
0.305542314,16980190,branch-instructions,(47.01%)
1.910885970,110148804,bus-cycles,(47.01%)
1.809383721,555657,branch-load-misses,(47.06%)
0.305542314,119085546,bus-cycles,(47.08%)
0.101208395,48823692,branch-instructions,(47.14%)
0.203051944,47596605,br_immed_retired,(47.19%)
0.152078764,103,iTLB-load-misses,(47.22%)
0.722639649,8614812,L1-dcache-loads,(47.23%)
0.101208395,120448299,bus-cycles,(47.24%)
0.101208395,58680651,cache-references,(47.24%)
0.305542314,18264040,cache-references,(47.26%)
2.063180618,31793072,cache-references,(47.29%)
2.113858852,30489838,branch-instructions,(47.34%)
0.152078764,349560,br_mis_pred,(47.35%)
0.152078764,54338213,br_immed_retired,(47.36%)
0.152078764,49143243,branch-instructions,(47.40%)
0.152078764,120287569,bus-cycles,(47.42%)
1.554914170,212485738,cpu-cycles,(47.43%)
1.504119895,247335,branch-load-misses,(47.59%)
0.774740585,240384414,cpu-cycles,(47.69%)
2.164509691,111,iTLB-load-misses,(47.73%)
1.296001721,7222950,L1-dcache-loads,(47.76%)
0.050164069,66,iTLB-load-misses,(47.81%)
1.961652589,41366414,br_immed_retired,(47.99%)
0.305542314,17032790,L1-dcache-loads,(48.01%)
1.860159194,165267647,L1-icache-loads,(48.19%)
2.265481420,7853145,cache-references,(48.42%)
2.215187560,14781493,cache-references,(48.47%)
2.063180618,31860628,L1-dcache-loads,(48.74%)
0.931374539,226258023,cpu-cycles,(48.79%)
0.983815006,7606438,br_immed_retired,(48.79%)
0.050164069,39550354,L1-dcache-loads,(48.93%)
1.348423125,655899,branch-load-misses,(48.93%)
1.139139069,7576334,cache-references,(49.23%)
0.879094489,807855,branch-load-misses,(49.29%)
0.879094489,19972474,L1-icache-loads,(49.32%)
0.461194553,598469,branch-load-misses,(49.42%)
0.670441056,9136628,L1-dcache-loads,(49.45%)
0.254263093,235254730,cpu-cycles,(49.50%)
2.164509691,72,dTLB-load-misses,(49.52%)
2.164509691,47005831,branch-loads,(49.53%)
0.618044913,645822,branch-load-misses,(49.64%)
1.961652589,827945,br_mis_pred,(49.73%)
0.513409968,241488240,cpu-cycles,(49.80%)
1.554914170,41938006,L1-dcache-loads,(49.81%)
1.910885970,29165976,cache-references,(49.94%)
2.265481420,11210740,br_immed_retired,(5.72%)
0.983815006,141,iTLB-load-misses,(50.32%)
0.409239033,31354475,L1-icache-loads,(50.93%)
0.461194553,27180089,L1-icache-loads,(51.37%)
0.101208395,56238566,L1-dcache-loads,(51.48%)
1.860159194,31345082,L1-dcache-loads,(51.49%)
2.164509691,172609423,L1-icache-loads,(51.57%)
0.879094489,8095003,L1-dcache-loads,(52.36%)
2.215187560,109509851,cpu-cycles,(53.57%)
2.164509691,855440,branch-load-misses,(53.76%)
2.265481420,40642431,L1-icache-loads,(53.79%)
0.203051944,127872504,L1-icache-loads,(53.84%)
1.139139069,205330636,cpu-cycles,(54.05%)
0.409239033,612130,branch-load-misses,(54.07%)
0.254263093,535109,branch-load-misses,(54.16%)
0.254263093,72520231,L1-icache-loads,(54.37%)
2.012421187,27932959,L1-dcache-loads,(54.46%)
0.254263093,33233494,L1-dcache-loads,(54.55%)
1.910885970,220188705,cpu-cycles,(54.74%)
0.305542314,238331571,cpu-cycles,(55.10%)
0.101208395,240596863,cpu-cycles,(55.15%)
0.461194553,11369495,L1-dcache-loads,(55.17%)
2.063180618,240232198,cpu-cycles,(55.23%)
0.203051944,340141,branch-load-misses,(55.24%)
2.265481420,59053348,cpu-cycles,(56.51%)
2.012421187,834695,branch-load-misses,(58.00%)
0.050164069,491,dTLB-load-misses,(59.63%)
2.265481420,609,iTLB-load-misses,(6.07%)
0.050164069,74473386,bus-cycles,(6.23%)
2.012421187,157386761,L1-icache-loads,(60.26%)
2.265481420,8606274,L1-dcache-loads,(63.84%)
0.050164069,96120713,L1-icache-loads,(66.54%)
0.050164069,51744570,branch-loads,(70.95%)
0.050164069,239836,branch-load-misses,(75.46%)
0.050164069,428650,counts,L1-dcache-load-misses
0.101208395,648819,counts,L1-dcache-load-misses
0.152078764,846342,counts,L1-dcache-load-misses
0.203051944,669396,counts,L1-dcache-load-misses
0.254263093,362984,counts,L1-dcache-load-misses
0.305542314,191721,counts,L1-dcache-load-misses
0.357161950,156168,counts,L1-dcache-load-misses
0.409239033,151602,counts,L1-dcache-load-misses
0.461194553,134737,counts,L1-dcache-load-misses
0.513409968,119303,counts,L1-dcache-load-misses
0.565692623,119992,counts,L1-dcache-load-misses
0.618044913,117795,counts,L1-dcache-load-misses
0.670441056,110242,counts,L1-dcache-load-misses
0.722639649,101093,counts,L1-dcache-load-misses
0.774740585,95749,counts,L1-dcache-load-misses
0.826753970,98480,counts,L1-dcache-load-misses
0.879094489,98711,counts,L1-dcache-load-misses
0.931374539,98034,counts,L1-dcache-load-misses
0.983815006,98562,counts,L1-dcache-load-misses
1.035305997,94865,counts,L1-dcache-load-misses
1.087727036,92296,counts,L1-dcache-load-misses
1.139139069,85357,counts,L1-dcache-load-misses
1.191610109,96518,counts,L1-dcache-load-misses
1.243343338,87379,counts,L1-dcache-load-misses
1.296001721,88053,counts,L1-dcache-load-misses
1.348423125,86341,counts,L1-dcache-load-misses
1.401120725,81369,counts,L1-dcache-load-misses
1.453268693,203447,counts,L1-dcache-load-misses
1.504119895,130683,counts,L1-dcache-load-misses
1.554914170,164980,counts,L1-dcache-load-misses
1.605803133,268356,counts,L1-dcache-load-misses
1.656862667,352539,counts,L1-dcache-load-misses
1.707697098,2446706,counts,L1-dcache-load-misses
1.758572050,843671,counts,L1-dcache-load-misses
1.809383721,352831,counts,L1-dcache-load-misses
1.860159194,180915,counts,L1-dcache-load-misses
1.910885970,16834,counts,L1-dcache-load-misses
1.961652589,17545,counts,L1-dcache-load-misses
2.012421187,24690,counts,L1-dcache-load-misses
2.063180618,15532,counts,L1-dcache-load-misses
2.113858852,12270,counts,L1-dcache-load-misses
2.164509691,12498,counts,L1-dcache-load-misses
2.215187560,31607,counts,L1-dcache-load-misses
2.265481420,21434,counts,L1-dcache-load-misses
0.050164069,341067,counts,L1-icache-load-misses
0.101208395,49866,counts,L1-icache-load-misses
0.152078764,69519,counts,L1-icache-load-misses
0.203051944,58963,counts,L1-icache-load-misses
0.254263093,63939,counts,L1-icache-load-misses
0.305542314,45925,counts,L1-icache-load-misses
0.357161950,56624,counts,L1-icache-load-misses
0.409239033,50401,counts,L1-icache-load-misses
0.461194553,48714,counts,L1-icache-load-misses
0.513409968,46870,counts,L1-icache-load-misses
0.565692623,52168,counts,L1-icache-load-misses
0.618044913,48259,counts,L1-icache-load-misses
0.670441056,48556,counts,L1-icache-load-misses
0.722639649,49313,counts,L1-icache-load-misses
0.774740585,55295,counts,L1-icache-load-misses
0.826753970,44258,counts,L1-icache-load-misses
0.879094489,56120,counts,L1-icache-load-misses
0.931374539,63229,counts,L1-icache-load-misses
0.983815006,44237,counts,L1-icache-load-misses
1.035305997,48417,counts,L1-icache-load-misses
1.087727036,55804,counts,L1-icache-load-misses
1.139139069,48952,counts,L1-icache-load-misses
1.191610109,43549,counts,L1-icache-load-misses
1.243343338,47366,counts,L1-icache-load-misses
1.296001721,45044,counts,L1-icache-load-misses
1.348423125,50517,counts,L1-icache-load-misses
1.401120725,51410,counts,L1-icache-load-misses
1.453268693,117721,counts,L1-icache-load-misses
1.504119895,186003,counts,L1-icache-load-misses
1.554914170,133978,counts,L1-icache-load-misses
1.605803133,51590,counts,L1-icache-load-misses
1.656862667,76748,counts,L1-icache-load-misses
1.707697098,66545,counts,L1-icache-load-misses
1.758572050,103814,counts,L1-icache-load-misses
1.809383721,169580,counts,L1-icache-load-misses
1.860159194,230964,counts,L1-icache-load-misses
1.910885970,250377,counts,L1-icache-load-misses
1.961652589,244940,counts,L1-icache-load-misses
2.012421187,269270,counts,L1-icache-load-misses
2.063180618,250416,counts,L1-icache-load-misses
2.113858852,243204,counts,L1-icache-load-misses
2.164509691,235073,counts,L1-icache-load-misses
2.215187560,124184,counts,L1-icache-load-misses
2.265481420,87512,counts,L1-icache-load-misses
0.050164069,199178,counts,branch-misses
0.101208395,289477,counts,branch-misses
0.152078764,320159,counts,branch-misses
0.203051944,492511,counts,branch-misses
0.254263093,605983,counts,branch-misses
0.305542314,565416,counts,branch-misses
0.357161950,557234,counts,branch-misses
0.409239033,574730,counts,branch-misses
0.461194553,559447,counts,branch-misses
0.513409968,676375,counts,branch-misses
0.565692623,631206,counts,branch-misses
0.618044913,632103,counts,branch-misses
0.670441056,649888,counts,branch-misses
0.722639649,682510,counts,branch-misses
0.774740585,726567,counts,branch-misses
0.826753970,809922,counts,branch-misses
0.879094489,714021,counts,branch-misses
0.931374539,715836,counts,branch-misses
0.983815006,628325,counts,branch-misses
1.035305997,620117,counts,branch-misses
1.087727036,710001,counts,branch-misses
1.139139069,779088,counts,branch-misses
1.191610109,667388,counts,branch-misses
1.243343338,680953,counts,branch-misses
1.296001721,694335,counts,branch-misses
1.348423125,739603,counts,branch-misses
1.401120725,740312,counts,branch-misses
1.453268693,425503,counts,branch-misses
1.504119895,269838,counts,branch-misses
1.554914170,104193,counts,branch-misses
1.605803133,28331,counts,branch-misses
1.656862667,628717,counts,branch-misses
1.707697098,1061679,counts,branch-misses
1.758572050,297760,counts,branch-misses
1.809383721,578196,counts,branch-misses
1.860159194,755678,counts,branch-misses
1.910885970,844150,counts,branch-misses
1.961652589,830838,counts,branch-misses
2.012421187,774775,counts,branch-misses
2.063180618,890894,counts,branch-misses
2.113858852,877718,counts,branch-misses
2.164509691,857268,counts,branch-misses
2.215187560,432631,counts,branch-misses
2.265481420,211293,counts,branch-misses
0.050164069,574514,counts,cache-misses
0.101208395,807942,counts,cache-misses
0.152078764,975811,counts,cache-misses
0.203051944,437076,counts,cache-misses
0.254263093,409045,counts,cache-misses
0.305542314,216532,counts,cache-misses
0.357161950,153449,counts,cache-misses
0.409239033,144047,counts,cache-misses
0.461194553,145092,counts,cache-misses
0.513409968,124398,counts,cache-misses
0.565692623,112849,counts,cache-misses
0.618044913,105369,counts,cache-misses
0.670441056,104987,counts,cache-misses
0.722639649,106828,counts,cache-misses
0.774740585,95503,counts,cache-misses
0.826753970,93806,counts,cache-misses
0.879094489,102328,counts,cache-misses
0.931374539,91983,counts,cache-misses
0.983815006,93453,counts,cache-misses
1.035305997,100663,counts,cache-misses
1.087727036,99533,counts,cache-misses
1.139139069,88064,counts,cache-misses
1.191610109,90365,counts,cache-misses
1.243343338,91075,counts,cache-misses
1.296001721,83717,counts,cache-misses
1.348423125,83273,counts,cache-misses
1.401120725,84866,counts,cache-misses
1.453268693,128182,counts,cache-misses
1.504119895,53681,counts,cache-misses
1.554914170,104362,counts,cache-misses
1.605803133,297866,counts,cache-misses
1.656862667,409482,counts,cache-misses
1.707697098,2619501,counts,cache-misses
1.758572050,331310,counts,cache-misses
1.809383721,197645,counts,cache-misses
1.860159194,260710,counts,cache-misses
1.910885970,15104,counts,cache-misses
1.961652589,23177,counts,cache-misses
2.012421187,25001,counts,cache-misses
2.063180618,16589,counts,cache-misses
2.113858852,12247,counts,cache-misses
2.164509691,12703,counts,cache-misses
2.215187560,18742,counts,cache-misses
2.265481420,4064,counts,cache-misses
0.050164069,102040442,counts,instructions
0.101208395,217986587,counts,instructions
0.152078764,227903104,counts,instructions
0.203051944,205126639,counts,instructions
0.254263093,138984881,counts,instructions
0.305542314,65579193,counts,instructions
0.357161950,50158396,counts,instructions
0.409239033,54287497,counts,instructions
0.461194553,44483311,counts,instructions
0.513409968,37429948,counts,instructions
0.565692623,35891028,counts,instructions
0.618044913,38276717,counts,instructions
0.670441056,35161536,counts,instructions
0.722639649,31726287,counts,instructions
0.774740585,30663924,counts,instructions
0.826753970,31649995,counts,instructions
0.879094489,30981906,counts,instructions
0.931374539,31570402,counts,instructions
0.983815006,31324533,counts,instructions
1.035305997,32645661,counts,instructions
1.087727036,28756443,counts,instructions
1.139139069,27313355,counts,instructions
1.191610109,28540381,counts,instructions
1.243343338,28370461,counts,instructions
1.296001721,27134036,counts,instructions
1.348423125,26192464,counts,instructions
1.401120725,26308820,counts,instructions
1.453268693,129688407,counts,instructions
1.504119895,195350725,counts,instructions
1.554914170,141105164,counts,instructions
1.605803133,119823896,counts,instructions
1.656862667,147965864,counts,instructions
1.707697098,161562075,counts,instructions
1.758572050,208820735,counts,instructions
1.809383721,233007245,counts,instructions
1.860159194,227798766,counts,instructions
1.910885970,231070442,counts,instructions
1.961652589,232118588,counts,instructions
2.012421187,220386466,counts,instructions
2.063180618,253854338,counts,instructions
2.113858852,255306955,counts,instructions
2.164509691,244880712,counts,instructions
2.215187560,112568118,counts,instructions
2.265481420,61444768,counts,instructions

--io-ops 150
0.305437627,27727159,branch-loads,(12.23%)
0.050165059,241954,br_mis_pred,(13.17%)
0.101096208,69826651,branch-loads,(13.35%)
0.254065333,615435,br_mis_pred,(13.67%)
0.202999289,52029691,cache-references,(14.36%)
0.460974815,641174,br_mis_pred,(14.54%)
0.512927731,12616553,branch-loads,(14.84%)
0.409121846,15260613,cache-references,(14.86%)
0.305437627,724,dTLB-load-misses,(14.90%)
0.101096208,577,dTLB-load-misses,(15.25%)
0.617385906,102852006,bus-cycles,(16.54%)
0.565152365,9795529,L1-dcache-loads,(16.91%)
0.617385906,7332201,branch-instructions,(16.93%)
0.050165059,33801805,cache-references,(17.05%)
0.254065333,22692428,br_immed_retired,(17.20%)
0.512927731,1293,dTLB-load-misses,(17.94%)
0.202999289,119165260,bus-cycles,(18.05%)
2.217909166,30057908,branch-instructions,(18.19%)
0.460974815,10073937,branch-instructions,(18.27%)
2.268529848,58,iTLB-load-misses,(18.66%)
1.710619484,10601659,branch-loads,(19.08%)
2.217909166,120440239,bus-cycles,(19.11%)
2.268529848,171,dTLB-load-misses,(19.24%)
1.659731147,40812,br_mis_pred,(19.67%)
0.460974815,11367670,br_immed_retired,(19.89%)
2.065953161,178,iTLB-load-misses,(20.17%)
0.409121846,119924142,bus-cycles,(20.24%)
0.878351733,6079411,branch-instructions,(20.24%)
0.929958609,11950539,branch-loads,(20.30%)
2.015301802,120278973,bus-cycles,(20.45%)
1.812414804,119924625,bus-cycles,(20.48%)
1.506435044,216,dTLB-load-misses,(20.77%)
2.268529848,38399486,br_immed_retired,(20.77%)
1.812414804,13270178,branch-instructions,(20.86%)
2.065953161,45357338,br_immed_retired,(20.90%)
0.254065333,25428730,branch-instructions,(20.92%)
2.015301802,30239306,branch-instructions,(20.95%)
0.878351733,84758288,bus-cycles,(20.98%)
0.878351733,489069,br_mis_pred,(21.07%)
0.151996316,57338734,L1-dcache-loads,(21.11%)
0.305437627,226,iTLB-load-misses,(21.18%)
2.319011364,92406925,L1-icache-loads,(21.24%)
0.669249447,8529182,br_immed_retired,(21.61%)
2.319011364,21694406,L1-dcache-loads,(21.68%)
1.506435044,50,iTLB-load-misses,(21.87%)
0.512927731,237,iTLB-load-misses,(21.89%)
0.669249447,478101,br_mis_pred,(21.99%)
1.863275538,154,iTLB-load-misses,(22.07%)
0.101096208,140,iTLB-load-misses,(22.14%)
0.357157055,15371067,L1-dcache-loads,(22.18%)
0.202999289,240006871,cpu-cycles,(22.26%)
0.305437627,602742,branch-load-misses,(22.26%)
0.929958609,831,dTLB-load-misses,(22.49%)
1.863275538,40618293,br_immed_retired,(22.57%)
2.268529848,38065938,branch-loads,(22.58%)
1.659731147,10275437,branch-instructions,(22.59%)
0.409121846,240974979,cpu-cycles,(22.65%)
2.065953161,357,dTLB-load-misses,(22.93%)
0.617385906,12732613,cache-references,(22.95%)
2.167350463,31927264,cache-references,(22.96%)
1.506435044,16534258,branch-loads,(23.01%)
0.101096208,388752,branch-load-misses,(23.39%)
1.608591769,46697553,cache-references,(23.48%)
1.863275538,196,dTLB-load-misses,(23.95%)
1.659731147,10387319,br_immed_retired,(23.96%)
2.065953161,884844,br_mis_pred,(24.18%)
0.151996316,130052555,L1-icache-loads,(24.45%)
0.254065333,77,iTLB-load-misses,(24.51%)
2.319011364,689877,branch-load-misses,(24.52%)
0.050165059,43673514,br_immed_retired,(24.63%)
0.669249447,402,iTLB-load-misses,(24.81%)
2.268529848,1245430,br_mis_pred,(24.91%)
1.863275538,496015,br_mis_pred,(25.12%)
0.878351733,8181479,br_immed_retired,(25.33%)
1.710619484,637,dTLB-load-misses,(25.42%)
2.116640041,48700447,branch-loads,(25.46%)
2.116640041,858862,branch-load-misses,(25.47%)
1.506435044,8296424,br_immed_retired,(25.58%)
1.964702370,31822093,cache-references,(25.58%)
0.357157055,38976432,L1-icache-loads,(25.68%)
0.202999289,29099905,branch-instructions,(25.76%)
1.453693849,5311242,branch-instructions,(25.76%)
1.401270310,7412377,cache-references,(25.79%)
0.460974815,119432872,bus-cycles,(25.91%)
1.913995907,48598509,branch-loads,(26.12%)
0.565152365,30069766,L1-icache-loads,(26.14%)
2.319011364,26405039,branch-loads,(26.35%)
0.512927731,727399,branch-load-misses,(26.42%)
1.659731147,116160804,bus-cycles,(26.54%)
1.608591769,118502447,bus-cycles,(26.71%)
0.669249447,1563,dTLB-load-misses,(26.92%)
2.217909166,31853976,cache-references,(26.96%)
2.167350463,241237411,cpu-cycles,(26.99%)
2.167350463,31907318,L1-dcache-loads,(27.07%)
2.015301802,31743558,cache-references,(27.12%)
0.929958609,239,iTLB-load-misses,(27.17%)
1.761571832,26953298,L1-dcache-loads,(27.23%)
1.453693849,745427,br_mis_pred,(27.27%)
2.116640041,177758390,L1-icache-loads,(27.41%)
1.453693849,117860011,bus-cycles,(27.56%)
2.065953161,48718501,branch-loads,(27.64%)
2.217909166,1128938,br_mis_pred,(27.67%)
0.460974815,111,iTLB-load-misses,(27.70%)
1.710619484,29713,branch-load-misses,(27.80%)
0.981756942,8360136,cache-references,(27.94%)
0.409121846,8448046,branch-instructions,(27.97%)
1.913995907,921681,branch-load-misses,(28.09%)
1.401270310,122226405,bus-cycles,(28.20%)
1.812414804,36722961,cache-references,(28.22%)
1.659731147,70,iTLB-load-misses,(28.23%)
1.295683598,8278657,branch-loads,(28.26%)
1.034029076,647261,br_mis_pred,(28.60%)
0.050165059,156370881,cpu-cycles,(28.67%)
0.254065333,119839407,bus-cycles,(28.76%)
1.557761348,102769184,L1-icache-loads,(28.85%)
0.512927731,12320474,br_immed_retired,(28.86%)
1.557761348,31887466,L1-dcache-loads,(28.99%)
1.453693849,6616532,br_immed_retired,(29.03%)
0.305437627,23573001,br_immed_retired,(29.05%)
1.710619484,115,iTLB-load-misses,(29.33%)
0.773658038,593275,br_mis_pred,(29.37%)
0.305437627,37650739,L1-icache-loads,(29.38%)
2.116640041,357,dTLB-load-misses,(29.41%)
1.608591769,237576535,cpu-cycles,(29.44%)
0.929958609,719912,branch-load-misses,(29.56%)
1.913995907,178135552,L1-icache-loads,(29.56%)
1.034029076,8053315,br_immed_retired,(29.57%)
1.863275538,50544563,branch-loads,(29.67%)
1.964702370,31841692,L1-dcache-loads,(29.69%)
0.929958609,8318775,br_immed_retired,(29.71%)
2.015301802,848571,br_mis_pred,(29.78%)
0.101096208,61632608,br_immed_retired,(29.81%)
0.617385906,641240,br_mis_pred,(29.99%)
1.913995907,355,dTLB-load-misses,(30.06%)
1.295683598,361,dTLB-load-misses,(30.16%)
1.761571832,30686574,cache-references,(30.24%)
0.669249447,10417004,branch-loads,(30.29%)
1.964702370,241321066,cpu-cycles,(30.33%)
0.101096208,131623495,L1-icache-loads,(30.38%)
0.721566945,10893045,branch-loads,(30.57%)
0.825746163,9982046,branch-loads,(30.78%)
1.348447397,7235725,L1-dcache-loads,(30.90%)
1.242861675,7141907,br_immed_retired,(30.92%)
1.242861675,132,iTLB-load-misses,(31.03%)
0.721566945,9813004,cache-references,(31.19%)
0.878351733,10016321,cache-references,(31.32%)
1.710619484,72436969,L1-icache-loads,(31.32%)
1.190413500,5743633,branch-instructions,(31.34%)
1.608591769,11986271,branch-instructions,(31.34%)
1.295683598,98,iTLB-load-misses,(31.36%)
1.034029076,117,iTLB-load-misses,(31.39%)
1.190413500,122074544,bus-cycles,(31.46%)
1.812414804,361888,br_mis_pred,(31.48%)
1.295683598,6822320,br_immed_retired,(31.49%)
1.506435044,895121,br_mis_pred,(31.54%)
1.401270310,244392797,cpu-cycles,(31.58%)
1.557761348,743850,branch-load-misses,(31.66%)
1.401270310,5383464,branch-instructions,(31.69%)
1.137886680,7766015,cache-references,(31.92%)
0.929958609,21244401,L1-icache-loads,(31.93%)
0.617385906,207200991,cpu-cycles,(31.98%)
0.512927731,24014974,L1-icache-loads,(32.00%)
0.565152365,9548675,cache-references,(32.01%)
1.242861675,767194,br_mis_pred,(32.04%)
0.565152365,220013703,cpu-cycles,(32.10%)
1.242861675,560,dTLB-load-misses,(32.10%)
1.086160377,9833951,branch-loads,(32.27%)
0.151996316,572266,branch-load-misses,(32.33%)
0.254065333,216,dTLB-load-misses,(32.33%)
0.773658038,8980508,br_immed_retired,(32.33%)
1.761571832,228797696,cpu-cycles,(32.35%)
1.348447397,18182025,L1-icache-loads,(32.38%)
0.981756942,210927655,cpu-cycles,(32.41%)
0.878351733,302,iTLB-load-misses,(32.43%)
0.825746163,8623661,cache-references,(32.52%)
0.357157055,682509,branch-load-misses,(32.57%)
1.034029076,108593058,bus-cycles,(32.69%)
2.065953161,30199565,branch-instructions,(32.89%)
0.981756942,105331964,bus-cycles,(32.97%)
1.295683598,838420,br_mis_pred,(33.00%)
2.015301802,240653767,cpu-cycles,(33.06%)
0.669249447,7336577,branch-instructions,(33.07%)
0.825746163,105637046,bus-cycles,(33.18%)
1.710619484,10397758,br_immed_retired,(33.24%)
1.453693849,7234528,cache-references,(33.29%)
1.863275538,28831924,branch-instructions,(33.36%)
0.981756942,9363290,L1-dcache-loads,(33.37%)
1.242861675,8260641,branch-loads,(33.37%)
1.295683598,5605201,branch-instructions,(33.49%)
1.190413500,849769,br_mis_pred,(33.59%)
1.453693849,142,iTLB-load-misses,(33.60%)
2.116640041,31770931,L1-dcache-loads,(33.60%)
2.217909166,43218095,br_immed_retired,(33.60%)
0.773658038,7290108,branch-instructions,(33.64%)
1.506435044,766379,branch-load-misses,(33.70%)
1.034029076,6370201,branch-instructions,(33.76%)
0.825746163,584,dTLB-load-misses,(33.88%)
0.617385906,9461547,br_immed_retired,(33.93%)
1.659731147,512,dTLB-load-misses,(33.95%)
1.913995907,126,iTLB-load-misses,(34.01%)
0.565152365,542531,branch-load-misses,(34.02%)
0.721566945,619,dTLB-load-misses,(34.05%)
1.034029076,540,dTLB-load-misses,(34.05%)
1.812414804,238848774,cpu-cycles,(34.12%)
1.034029076,7710827,cache-references,(34.19%)
1.190413500,7619554,cache-references,(34.30%)
1.659731147,41778863,cache-references,(34.30%)
1.348447397,844913,branch-load-misses,(34.46%)
2.116640041,197,iTLB-load-misses,(34.50%)
1.761571832,99211387,L1-icache-loads,(34.54%)
1.086160377,659240,branch-load-misses,(34.62%)
2.217909166,240818597,cpu-cycles,(34.87%)
1.086160377,99408910,bus-cycles,(34.88%)
1.348447397,8031909,branch-loads,(34.95%)
1.557761348,30733289,branch-loads,(35.05%)
1.137886680,118411541,bus-cycles,(35.08%)
1.348447397,276,dTLB-load-misses,(35.09%)
2.167350463,120657376,bus-cycles,(35.39%)
1.190413500,6888629,br_immed_retired,(35.43%)
1.295683598,119568194,bus-cycles,(35.43%)
0.460974815,236,dTLB-load-misses,(35.57%)
1.295683598,941270,branch-load-misses,(35.60%)
0.929958609,700728,br_mis_pred,(35.61%)
1.086160377,641520,br_mis_pred,(35.62%)
1.913995907,31736966,L1-dcache-loads,(35.62%)
1.086160377,719,dTLB-load-misses,(35.71%)
2.015301802,45477940,br_immed_retired,(35.71%)
0.721566945,625660,branch-load-misses,(35.79%)
0.357157055,12654299,cache-references,(35.82%)
0.357157055,239891846,cpu-cycles,(35.87%)
0.721566945,9749390,L1-dcache-loads,(35.87%)
0.151996316,59997648,cache-references,(35.92%)
0.825746163,688609,branch-load-misses,(35.94%)
0.151996316,240974963,cpu-cycles,(35.95%)
0.721566945,23066446,L1-icache-loads,(35.99%)
1.137886680,726,dTLB-load-misses,(36.09%)
2.319011364,19039515,cache-references,(36.11%)
1.137886680,8285467,branch-loads,(36.13%)
1.137886680,141,iTLB-load-misses,(36.15%)
1.086160377,7963759,br_immed_retired,(36.20%)
2.319011364,380,dTLB-load-misses,(36.24%)
2.268529848,1820561,branch-load-misses,(36.25%)
0.050165059,79,iTLB-load-misses,(36.34%)
0.773658038,79,iTLB-load-misses,(36.40%)
1.242861675,5638165,branch-instructions,(36.42%)
0.512927731,646912,br_mis_pred,(36.55%)
1.086160377,20830541,L1-icache-loads,(36.59%)
1.348447397,103,iTLB-load-misses,(36.59%)
1.086160377,6238570,branch-instructions,(36.61%)
1.242861675,7255270,cache-references,(36.61%)
1.137886680,6909815,br_immed_retired,(36.71%)
0.617385906,92,iTLB-load-misses,(36.78%)
0.825746163,6502110,branch-instructions,(36.78%)
0.305437627,450781,br_mis_pred,(36.91%)
1.863275538,120314682,bus-cycles,(36.92%)
0.721566945,105492856,bus-cycles,(36.96%)
1.710619484,118127,br_mis_pred,(36.97%)
2.268529848,26920752,branch-instructions,(37.06%)
1.137886680,5470916,branch-instructions,(37.07%)
1.913995907,45249135,br_immed_retired,(37.12%)
1.086160377,164,iTLB-load-misses,(37.14%)
0.981756942,22240444,L1-icache-loads,(37.15%)
0.981756942,6230752,branch-instructions,(37.22%)
1.190413500,117,iTLB-load-misses,(37.31%)
1.812414804,23377281,br_immed_retired,(37.41%)
1.964702370,120664379,bus-cycles,(37.42%)
2.065953161,120370986,bus-cycles,(37.46%)
1.295683598,18687912,L1-icache-loads,(37.52%)
1.964702370,178957074,L1-icache-loads,(37.53%)
1.190413500,8284886,branch-loads,(37.57%)
1.608591769,46210750,L1-dcache-loads,(37.65%)
0.101096208,286002,br_mis_pred,(37.72%)
0.721566945,212080234,cpu-cycles,(37.77%)
1.506435044,7575794,branch-instructions,(37.86%)
0.773658038,108090024,bus-cycles,(37.95%)
1.137886680,787650,br_mis_pred,(38.01%)
1.190413500,304,dTLB-load-misses,(38.07%)
1.761571832,647938,branch-load-misses,(38.08%)
1.557761348,976,dTLB-load-misses,(38.09%)
1.401270310,7254874,L1-dcache-loads,(38.10%)
2.116640041,45441912,br_immed_retired,(38.15%)
1.034029076,8644886,branch-loads,(38.18%)
1.137886680,8191176,L1-dcache-loads,(38.18%)
1.348447397,7345700,cache-references,(38.18%)
0.825746163,159,iTLB-load-misses,(38.21%)
0.825746163,21998372,L1-icache-loads,(38.23%)
1.506435044,55924373,L1-icache-loads,(38.25%)
0.669249447,107625042,bus-cycles,(38.53%)
1.453693849,470,dTLB-load-misses,(38.68%)
1.964702370,48976764,branch-loads,(38.68%)
1.242861675,120218521,bus-cycles,(38.70%)
2.167350463,178834427,L1-icache-loads,(38.70%)
1.913995907,921590,br_mis_pred,(38.71%)
1.348447397,6834063,br_immed_retired,(38.74%)
0.773658038,9401623,L1-dcache-loads,(38.87%)
1.137886680,237937999,cpu-cycles,(38.98%)
0.878351733,168607690,cpu-cycles,(39.07%)
1.557761348,394,iTLB-load-misses,(39.08%)
1.761571832,11289513,branch-loads,(39.09%)
0.825746163,212417512,cpu-cycles,(39.13%)
1.863275538,34597182,cache-references,(39.14%)
1.086160377,8152691,L1-dcache-loads,(39.21%)
0.773658038,10884641,branch-loads,(39.39%)
2.217909166,129,iTLB-load-misses,(39.52%)
1.557761348,35316229,cache-references,(39.53%)
1.761571832,2160,dTLB-load-misses,(39.53%)
0.773658038,9133379,cache-references,(39.67%)
0.929958609,8528196,L1-dcache-loads,(39.79%)
0.721566945,175,iTLB-load-misses,(39.91%)
0.773658038,463,dTLB-load-misses,(39.94%)
1.453693849,235210997,cpu-cycles,(39.97%)
0.050165059,9641755,branch-instructions,(4.99%)
1.190413500,243874663,cpu-cycles,(40.08%)
0.254065333,27696986,branch-loads,(40.09%)
0.151996316,67131497,branch-loads,(40.20%)
0.357157055,17623622,branch-loads,(40.33%)
0.669249447,614811,branch-load-misses,(40.35%)
0.409121846,13904642,L1-dcache-loads,(40.36%)
1.034029076,217319396,cpu-cycles,(40.57%)
1.557761348,27506086,br_immed_retired,(40.60%)
1.964702370,196,dTLB-load-misses,(40.66%)
0.773658038,21935848,L1-icache-loads,(40.70%)
0.981756942,650150,branch-load-misses,(40.72%)
1.348447397,238077164,cpu-cycles,(40.72%)
1.348447397,801393,br_mis_pred,(40.77%)
2.116640041,855087,br_mis_pred,(40.82%)
0.825746163,7823316,br_immed_retired,(40.83%)
0.981756942,9334211,branch-loads,(41.05%)
1.506435044,118313547,bus-cycles,(41.09%)
0.825746163,8773078,L1-dcache-loads,(41.10%)
1.242861675,756064,branch-load-misses,(41.18%)
2.319011364,144677459,cpu-cycles,(41.21%)
1.401270310,8058864,branch-loads,(41.24%)
1.086160377,8088405,cache-references,(41.28%)
1.761571832,402,iTLB-load-misses,(41.28%)
0.721566945,7013302,branch-instructions,(41.31%)
2.167350463,30392724,branch-instructions,(41.31%)
0.460974815,11705502,cache-references,(41.35%)
0.617385906,251,dTLB-load-misses,(41.37%)
2.065953161,887413,branch-load-misses,(41.51%)
1.557761348,235916071,cpu-cycles,(41.57%)
2.015301802,62,iTLB-load-misses,(41.65%)
1.401270310,846927,br_mis_pred,(41.70%)
1.710619484,118606537,bus-cycles,(41.72%)
0.565152365,14994094,branch-loads,(41.82%)
0.825746163,562045,br_mis_pred,(41.82%)
1.659731147,10627782,branch-loads,(41.85%)
0.202999289,414671,br_mis_pred,(41.95%)
0.878351733,1564,dTLB-load-misses,(42.11%)
1.190413500,18625125,L1-icache-loads,(42.13%)
1.913995907,30102075,branch-instructions,(42.13%)
2.065953161,31739540,cache-references,(42.13%)
2.268529848,114722421,bus-cycles,(42.31%)
1.659731147,233088844,cpu-cycles,(42.37%)
1.242861675,240323448,cpu-cycles,(42.40%)
2.268529848,178358607,L1-icache-loads,(42.48%)
0.202999289,55710012,L1-dcache-loads,(42.51%)
1.190413500,854671,branch-load-misses,(42.53%)
1.761571832,114391682,bus-cycles,(42.55%)
1.964702370,878475,branch-load-misses,(42.57%)
1.453693849,7801318,branch-loads,(42.62%)
1.608591769,22269576,branch-loads,(42.63%)
1.557761348,465744,br_mis_pred,(42.64%)
1.964702370,105,iTLB-load-misses,(42.65%)
1.710619484,38437077,L1-dcache-loads,(42.66%)
1.137886680,19859305,L1-icache-loads,(42.74%)
0.460974815,12238677,branch-loads,(42.90%)
1.401270310,18020163,L1-icache-loads,(42.93%)
1.295683598,7236565,cache-references,(43.01%)
0.773658038,589021,branch-load-misses,(43.05%)
0.721566945,9087632,br_immed_retired,(43.07%)
1.242861675,18362231,L1-icache-loads,(43.09%)
1.401270310,357,dTLB-load-misses,(43.11%)
1.710619484,10171211,branch-instructions,(43.13%)
1.190413500,7465024,L1-dcache-loads,(43.26%)
1.761571832,11403894,br_immed_retired,(43.32%)
1.964702370,30341491,branch-instructions,(43.34%)
2.167350463,49025197,branch-loads,(43.34%)
0.409121846,750599,br_mis_pred,(43.40%)
1.608591769,113400,br_mis_pred,(43.47%)
1.863275538,555349,branch-load-misses,(43.49%)
0.254065333,29690448,cache-references,(43.88%)
1.137886680,740008,branch-load-misses,(43.92%)
0.773658038,216203400,cpu-cycles,(43.98%)
1.913995907,120181691,bus-cycles,(44.11%)
0.981756942,1061,dTLB-load-misses,(44.18%)
0.669249447,23080938,L1-icache-loads,(44.32%)
1.242861675,7331545,L1-dcache-loads,(44.42%)
1.608591769,1031,dTLB-load-misses,(44.61%)
1.964702370,45605000,br_immed_retired,(44.66%)
1.401270310,855869,branch-load-misses,(44.84%)
2.116640041,30329709,branch-instructions,(44.84%)
2.217909166,209,dTLB-load-misses,(44.84%)
1.401270310,6709402,br_immed_retired,(44.91%)
1.034029076,7833388,L1-dcache-loads,(44.95%)
1.557761348,21229609,branch-instructions,(45.02%)
1.812414804,430,iTLB-load-misses,(45.03%)
1.401270310,122,iTLB-load-misses,(45.04%)
0.981756942,252,iTLB-load-misses,(45.15%)
0.981756942,680361,br_mis_pred,(45.31%)
2.167350463,817247,branch-load-misses,(45.34%)
2.167350463,191,dTLB-load-misses,(45.34%)
1.761571832,771079,br_mis_pred,(45.41%)
1.608591769,99672887,L1-icache-loads,(45.42%)
1.557761348,117664019,bus-cycles,(45.47%)
1.348447397,118855663,bus-cycles,(45.48%)
1.506435044,12582765,cache-references,(45.50%)
1.348447397,5611944,branch-instructions,(45.56%)
0.929958609,6546873,branch-instructions,(45.58%)
0.617385906,11307543,branch-loads,(45.61%)
1.812414804,40218374,L1-dcache-loads,(45.64%)
0.565152365,746,dTLB-load-misses,(45.68%)
1.608591769,16262782,br_immed_retired,(45.68%)
0.357157055,179,dTLB-load-misses,(45.70%)
1.710619484,34280570,cache-references,(45.75%)
0.565152365,109941058,bus-cycles,(45.93%)
2.319011364,223,iTLB-load-misses,(46.04%)
1.295683598,7213926,L1-dcache-loads,(46.07%)
0.721566945,630298,br_mis_pred,(46.09%)
0.101096208,55789562,L1-dcache-loads,(46.13%)
0.981756942,7999101,br_immed_retired,(46.19%)
0.202999289,41379965,br_immed_retired,(46.20%)
2.015301802,112,dTLB-load-misses,(46.28%)
0.151996316,651,dTLB-load-misses,(46.53%)
1.812414804,26744032,branch-loads,(46.55%)
0.305437627,15457387,branch-instructions,(46.59%)
0.357157055,564492,br_mis_pred,(46.61%)
1.964702370,881653,br_mis_pred,(46.64%)
0.512927731,9139514,branch-instructions,(46.66%)
1.608591769,277194,branch-load-misses,(46.68%)
0.409121846,13511584,branch-loads,(46.70%)
0.357157055,13293914,br_immed_retired,(46.71%)
0.929958609,8596122,cache-references,(46.71%)
1.608591769,271,iTLB-load-misses,(46.71%)
0.357157055,10178836,branch-instructions,(46.73%)
0.357157055,120305609,bus-cycles,(46.75%)
0.357157055,68,iTLB-load-misses,(46.76%)
0.409121846,226,dTLB-load-misses,(46.76%)
0.409121846,10884776,br_immed_retired,(46.76%)
0.512927731,119141342,bus-cycles,(46.79%)
1.086160377,199970961,cpu-cycles,(46.80%)
2.116640041,120196604,bus-cycles,(46.81%)
0.409121846,81,iTLB-load-misses,(46.82%)
0.305437627,16024927,L1-dcache-loads,(46.87%)
0.512927731,10051448,cache-references,(46.89%)
0.151996316,120607414,bus-cycles,(46.93%)
0.669249447,9449080,cache-references,(46.98%)
1.863275538,240652630,cpu-cycles,(47.04%)
2.268529848,37279210,cache-references,(47.05%)
0.512927731,9816557,L1-dcache-loads,(47.10%)
0.101096208,119405715,bus-cycles,(47.16%)
0.202999289,110,iTLB-load-misses,(47.18%)
0.202999289,317,dTLB-load-misses,(47.20%)
0.101096208,47867677,branch-instructions,(47.22%)
0.202999289,58957860,branch-loads,(47.31%)
0.151996316,114,iTLB-load-misses,(47.32%)
0.151996316,60494239,br_immed_retired,(47.32%)
2.015301802,31723142,L1-dcache-loads,(47.32%)
0.878351733,13717498,branch-loads,(47.33%)
2.167350463,82,iTLB-load-misses,(47.33%)
0.151996316,49760246,branch-instructions,(47.34%)
0.151996316,283817,br_mis_pred,(47.34%)
1.761571832,9307645,branch-instructions,(47.36%)
2.065953161,178465683,L1-icache-loads,(47.44%)
2.116640041,31759505,cache-references,(47.49%)
2.015301802,48827467,branch-loads,(47.53%)
2.167350463,45653856,br_immed_retired,(47.53%)
2.167350463,819150,br_mis_pred,(47.53%)
2.217909166,46744300,branch-loads,(47.61%)
1.913995907,31746079,cache-references,(47.62%)
0.101096208,57894958,cache-references,(47.63%)
1.034029076,726609,branch-load-misses,(47.79%)
0.050165059,478,dTLB-load-misses,(48.02%)
1.453693849,7130964,L1-dcache-loads,(48.34%)
1.812414804,1769,dTLB-load-misses,(48.37%)
1.812414804,122344587,L1-icache-loads,(48.51%)
2.319011364,72461755,bus-cycles,(48.69%)
0.929958609,105280640,bus-cycles,(48.71%)
1.034029076,19231210,L1-icache-loads,(48.73%)
0.305437627,117986322,bus-cycles,(48.74%)
0.460974815,237838817,cpu-cycles,(49.02%)
0.565152365,8430005,branch-instructions,(49.27%)
0.305437627,16957810,cache-references,(49.31%)
1.863275538,168100271,L1-icache-loads,(49.32%)
0.565152365,244,iTLB-load-misses,(49.49%)
1.506435044,14877210,L1-dcache-loads,(49.75%)
0.669249447,9487850,L1-dcache-loads,(50.07%)
2.065953161,240771059,cpu-cycles,(50.07%)
2.217909166,32582737,L1-dcache-loads,(50.09%)
0.565152365,603733,br_mis_pred,(50.11%)
0.565152365,12775666,br_immed_retired,(50.29%)
1.295683598,238592473,cpu-cycles,(50.40%)
1.812414804,54418,branch-load-misses,(50.53%)
2.015301802,178287885,L1-icache-loads,(51.32%)
1.453693849,17529993,L1-icache-loads,(51.37%)
2.116640041,240431767,cpu-cycles,(51.41%)
0.254065333,239538410,cpu-cycles,(51.73%)
2.319011364,16187015,branch-instructions,(51.97%)
0.878351733,14763998,L1-dcache-loads,(52.01%)
1.453693849,838133,branch-load-misses,(52.14%)
2.319011364,24122919,br_immed_retired,(52.56%)
1.913995907,240335649,cpu-cycles,(52.80%)
2.268529848,46093600,L1-dcache-loads,(52.95%)
0.929958609,210195983,cpu-cycles,(53.01%)
1.863275538,34167502,L1-dcache-loads,(53.08%)
2.015301802,870452,branch-load-misses,(53.30%)
0.409121846,31663950,L1-icache-loads,(53.31%)
0.669249447,215187327,cpu-cycles,(53.40%)
1.506435044,236193849,cpu-cycles,(53.42%)
0.254065333,540197,branch-load-misses,(53.60%)
1.659731147,41951716,L1-dcache-loads,(53.61%)
1.710619484,237676557,cpu-cycles,(53.74%)
2.217909166,183568811,L1-icache-loads,(54.05%)
0.409121846,714230,branch-load-misses,(54.09%)
0.460974815,543208,branch-load-misses,(54.57%)
0.512927731,238390990,cpu-cycles,(54.68%)
0.460974815,25267324,L1-icache-loads,(54.85%)
0.460974815,10645473,L1-dcache-loads,(54.88%)
0.254065333,26065944,L1-dcache-loads,(55.05%)
0.254065333,59361885,L1-icache-loads,(55.06%)
0.617385906,11331531,L1-dcache-loads,(55.18%)
2.319011364,741997,br_mis_pred,(55.19%)
1.659731147,28390,branch-load-misses,(55.20%)
0.202999289,128822443,L1-icache-loads,(55.23%)
0.202999289,366849,branch-load-misses,(55.23%)
2.268529848,229374399,cpu-cycles,(55.37%)
0.101096208,238497125,cpu-cycles,(55.44%)
2.217909166,1127993,branch-load-misses,(55.53%)
2.065953161,31773977,L1-dcache-loads,(55.54%)
0.617385906,548188,branch-load-misses,(56.85%)
0.878351733,441983,branch-load-misses,(57.14%)
0.305437627,236109059,cpu-cycles,(57.15%)
1.659731147,63323687,L1-icache-loads,(57.26%)
0.617385906,24877355,L1-icache-loads,(58.78%)
0.878351733,34736526,L1-icache-loads,(58.80%)
0.050165059,41893363,L1-dcache-loads,(58.84%)
0.050165059,52281131,branch-loads,(59.72%)
0.050165059,76078664,bus-cycles,(7.94%)
0.050165059,101224217,L1-icache-loads,(76.21%)
0.050165059,224789,branch-load-misses,(79.63%)
0.050165059,450554,counts,L1-dcache-load-misses
0.101096208,663423,counts,L1-dcache-load-misses
0.151996316,777735,counts,L1-dcache-load-misses
0.202999289,649207,counts,L1-dcache-load-misses
0.254065333,293119,counts,L1-dcache-load-misses
0.305437627,182877,counts,L1-dcache-load-misses
0.357157055,157102,counts,L1-dcache-load-misses
0.409121846,153965,counts,L1-dcache-load-misses
0.460974815,127618,counts,L1-dcache-load-misses
0.512927731,117944,counts,L1-dcache-load-misses
0.565152365,112614,counts,L1-dcache-load-misses
0.617385906,131352,counts,L1-dcache-load-misses
0.669249447,116890,counts,L1-dcache-load-misses
0.721566945,115605,counts,L1-dcache-load-misses
0.773658038,121448,counts,L1-dcache-load-misses
0.825746163,104376,counts,L1-dcache-load-misses
0.878351733,154823,counts,L1-dcache-load-misses
0.929958609,120055,counts,L1-dcache-load-misses
0.981756942,125995,counts,L1-dcache-load-misses
1.034029076,94628,counts,L1-dcache-load-misses
1.086160377,104279,counts,L1-dcache-load-misses
1.137886680,97723,counts,L1-dcache-load-misses
1.190413500,84871,counts,L1-dcache-load-misses
1.242861675,87748,counts,L1-dcache-load-misses
1.295683598,81202,counts,L1-dcache-load-misses
1.348447397,89362,counts,L1-dcache-load-misses
1.401270310,91328,counts,L1-dcache-load-misses
1.453693849,81977,counts,L1-dcache-load-misses
1.506435044,96162,counts,L1-dcache-load-misses
1.557761348,108740,counts,L1-dcache-load-misses
1.608591769,112665,counts,L1-dcache-load-misses
1.659731147,258282,counts,L1-dcache-load-misses
1.710619484,661673,counts,L1-dcache-load-misses
1.761571832,1311232,counts,L1-dcache-load-misses
1.812414804,2500395,counts,L1-dcache-load-misses
1.863275538,156704,counts,L1-dcache-load-misses
1.913995907,14092,counts,L1-dcache-load-misses
1.964702370,13807,counts,L1-dcache-load-misses
2.015301802,14029,counts,L1-dcache-load-misses
2.065953161,12326,counts,L1-dcache-load-misses
2.116640041,13177,counts,L1-dcache-load-misses
2.167350463,13641,counts,L1-dcache-load-misses
2.217909166,12688,counts,L1-dcache-load-misses
2.268529848,28587,counts,L1-dcache-load-misses
2.319011364,100923,counts,L1-dcache-load-misses
0.050165059,250443,counts,L1-icache-load-misses
0.101096208,62563,counts,L1-icache-load-misses
0.151996316,48502,counts,L1-icache-load-misses
0.202999289,55967,counts,L1-icache-load-misses
0.254065333,47298,counts,L1-icache-load-misses
0.305437627,56800,counts,L1-icache-load-misses
0.357157055,53005,counts,L1-icache-load-misses
0.409121846,48357,counts,L1-icache-load-misses
0.460974815,48116,counts,L1-icache-load-misses
0.512927731,46750,counts,L1-icache-load-misses
0.565152365,47710,counts,L1-icache-load-misses
0.617385906,49508,counts,L1-icache-load-misses
0.669249447,52838,counts,L1-icache-load-misses
0.721566945,51137,counts,L1-icache-load-misses
0.773658038,53693,counts,L1-icache-load-misses
0.825746163,56290,counts,L1-icache-load-misses
0.878351733,74914,counts,L1-icache-load-misses
0.929958609,62126,counts,L1-icache-load-misses
0.981756942,59374,counts,L1-icache-load-misses
1.034029076,55002,counts,L1-icache-load-misses
1.086160377,65647,counts,L1-icache-load-misses
1.137886680,56962,counts,L1-icache-load-misses
1.190413500,50229,counts,L1-icache-load-misses
1.242861675,45850,counts,L1-icache-load-misses
1.295683598,53652,counts,L1-icache-load-misses
1.348447397,57801,counts,L1-icache-load-misses
1.401270310,47845,counts,L1-icache-load-misses
1.453693849,48773,counts,L1-icache-load-misses
1.506435044,62394,counts,L1-icache-load-misses
1.557761348,77377,counts,L1-icache-load-misses
1.608591769,119063,counts,L1-icache-load-misses
1.659731147,50437,counts,L1-icache-load-misses
1.710619484,65723,counts,L1-icache-load-misses
1.761571832,65219,counts,L1-icache-load-misses
1.812414804,96100,counts,L1-icache-load-misses
1.863275538,211816,counts,L1-icache-load-misses
1.913995907,347181,counts,L1-icache-load-misses
1.964702370,341029,counts,L1-icache-load-misses
2.015301802,334533,counts,L1-icache-load-misses
2.065953161,338094,counts,L1-icache-load-misses
2.116640041,340614,counts,L1-icache-load-misses
2.167350463,332796,counts,L1-icache-load-misses
2.217909166,288225,counts,L1-icache-load-misses
2.268529848,487674,counts,L1-icache-load-misses
2.319011364,666013,counts,L1-icache-load-misses
0.050165059,633922,counts,branch-misses
0.101096208,303844,counts,branch-misses
0.151996316,261135,counts,branch-misses
0.202999289,390936,counts,branch-misses
0.254065333,526651,counts,branch-misses
0.305437627,458678,counts,branch-misses
0.357157055,579981,counts,branch-misses
0.409121846,665816,counts,branch-misses
0.460974815,631447,counts,branch-misses
0.512927731,627855,counts,branch-misses
0.565152365,624307,counts,branch-misses
0.617385906,661027,counts,branch-misses
0.669249447,572844,counts,branch-misses
0.721566945,576816,counts,branch-misses
0.773658038,624431,counts,branch-misses
0.825746163,590943,counts,branch-misses
0.878351733,527475,counts,branch-misses
0.929958609,660065,counts,branch-misses
0.981756942,695154,counts,branch-misses
1.034029076,716937,counts,branch-misses
1.086160377,662778,counts,branch-misses
1.137886680,814741,counts,branch-misses
1.190413500,855263,counts,branch-misses
1.242861675,764755,counts,branch-misses
1.295683598,832923,counts,branch-misses
1.348447397,796717,counts,branch-misses
1.401270310,859174,counts,branch-misses
1.453693849,759470,counts,branch-misses
1.506435044,876196,counts,branch-misses
1.557761348,453470,counts,branch-misses
1.608591769,90256,counts,branch-misses
1.659731147,52008,counts,branch-misses
1.710619484,229559,counts,branch-misses
1.761571832,738851,counts,branch-misses
1.812414804,408971,counts,branch-misses
1.863275538,613939,counts,branch-misses
1.913995907,919385,counts,branch-misses
1.964702370,875743,counts,branch-misses
2.015301802,845907,counts,branch-misses
2.065953161,890369,counts,branch-misses
2.116640041,846996,counts,branch-misses
2.167350463,821265,counts,branch-misses
2.217909166,1014012,counts,branch-misses
2.268529848,1022282,counts,branch-misses
2.319011364,746685,counts,branch-misses
0.050165059,458071,counts,cache-misses
0.101096208,760432,counts,cache-misses
0.151996316,901336,counts,cache-misses
0.202999289,461369,counts,cache-misses
0.254065333,323029,counts,cache-misses
0.305437627,193205,counts,cache-misses
0.357157055,149916,counts,cache-misses
0.409121846,149964,counts,cache-misses
0.460974815,133303,counts,cache-misses
0.512927731,120586,counts,cache-misses
0.565152365,120689,counts,cache-misses
0.617385906,135023,counts,cache-misses
0.669249447,120821,counts,cache-misses
0.721566945,103918,counts,cache-misses
0.773658038,135701,counts,cache-misses
0.825746163,103148,counts,cache-misses
0.878351733,128353,counts,cache-misses
0.929958609,109414,counts,cache-misses
0.981756942,92146,counts,cache-misses
1.034029076,110316,counts,cache-misses
1.086160377,96262,counts,cache-misses
1.137886680,90311,counts,cache-misses
1.190413500,89887,counts,cache-misses
1.242861675,90121,counts,cache-misses
1.295683598,84391,counts,cache-misses
1.348447397,87149,counts,cache-misses
1.401270310,93395,counts,cache-misses
1.453693849,82672,counts,cache-misses
1.506435044,89018,counts,cache-misses
1.557761348,155422,counts,cache-misses
1.608591769,125814,counts,cache-misses
1.659731147,250730,counts,cache-misses
1.710619484,426702,counts,cache-misses
1.761571832,1259430,counts,cache-misses
1.812414804,2189896,counts,cache-misses
1.863275538,363812,counts,cache-misses
1.913995907,14617,counts,cache-misses
1.964702370,13312,counts,cache-misses
2.015301802,13937,counts,cache-misses
2.065953161,12666,counts,cache-misses
2.116640041,12904,counts,cache-misses
2.167350463,13027,counts,cache-misses
2.217909166,13283,counts,cache-misses
2.268529848,17471,counts,cache-misses
2.319011364,46882,counts,cache-misses
0.050165059,128380794,counts,instructions
0.101096208,215030440,counts,instructions
0.151996316,225180593,counts,instructions
0.202999289,215028064,counts,instructions
0.254065333,104362722,counts,instructions
0.305437627,61292331,counts,instructions
0.357157055,47502050,counts,instructions
0.409121846,57134351,counts,instructions
0.460974815,42015016,counts,instructions
0.512927731,36742437,counts,instructions
0.565152365,33180170,counts,instructions
0.617385906,44498789,counts,instructions
0.669249447,36132318,counts,instructions
0.721566945,38361581,counts,instructions
0.773658038,32995055,counts,instructions
0.825746163,31823093,counts,instructions
0.878351733,49187871,counts,instructions
0.929958609,31675217,counts,instructions
0.981756942,34000494,counts,instructions
1.034029076,28906789,counts,instructions
1.086160377,30782137,counts,instructions
1.137886680,30203507,counts,instructions
1.190413500,28103599,counts,instructions
1.242861675,27002398,counts,instructions
1.295683598,26449726,counts,instructions
1.348447397,26773865,counts,instructions
1.401270310,27049782,counts,instructions
1.453693849,26471031,counts,instructions
1.506435044,83523320,counts,instructions
1.557761348,211195528,counts,instructions
1.608591769,170250394,counts,instructions
1.659731147,125456675,counts,instructions
1.710619484,150641076,counts,instructions
1.761571832,187100469,counts,instructions
1.812414804,192809427,counts,instructions
1.863275538,252500435,counts,instructions
1.913995907,252658829,counts,instructions
1.964702370,253631017,counts,instructions
2.015301802,253431914,counts,instructions
2.065953161,253411390,counts,instructions
2.116640041,253584314,counts,instructions
2.167350463,254606461,counts,instructions
2.217909166,258289005,counts,instructions
2.268529848,251619492,counts,instructions
2.319011364,130786646,counts,instructions



